
param n:=10;
param p:=1.2;
param c:=1;
param Q:=1;
param v:=0.1;
param DIS:=20;
#data is from case 10

param w: 1 2 3 4 5 6 7 8 9 10:=
1	0.4	0.7	0.1	0.3	0.2	0.8	0.1	0.1	0.3	0.8
2	0.2	0.6	0.6	0.5	0.8	0.9	0.3	0.6	0.3	1
3	0.6	0.2	0.9	0.6	0.6	0.9	0.1	0.5	1	0.4
4	0.3	0.4	0.1	0.4	0.7	0.4	0.2	0.8	0.5	0.5
5	0.6	0.7	0.1	0.1	0.1	0.9	0	0.5	0.5	0.3
6	0.4	0.1	0.5	0.3	0.6	0.1	0.2	0.7	0.6	0.1
7	0.1	0.9	0.5	0.3	0.3	0.2	0.6	0.5	1	0.1
8	0	0.5	0.7	0.2	0.7	0.9	0.1	0.7	0.3	0.6
9	0	0.7	0.6	0.6	0	0.2	0.7	0.2	1	0.3
10	0.3	0.1	0.1	0.9	0.4	0.4	0.1	0	1	0
;

param d: 1 2 3 4 5 6 7 8 9 10:=
1	0	12.343	8.437	5.259	10.706	4.799	12.977	6.453	11.746	10
2	12.343	0	8.356	14.656	7.608	15.295	7.622	8.099	8.048	4.26
3	8.437	8.356	0	7.662	12.446	13.087	13.846	2.136	13.396	9.437
4	5.259	14.656	7.662	0	15.249	9.288	17.359	6.728	16.315	13.654
5	10.706	7.608	12.446	15.249	0	11.1	2.342	10.871	1.067	3.537
6	4.799	15.295	13.087	9.288	11.1	0	13.414	11.01	11.948	11.902
7	12.977	7.622	13.846	17.359	2.342	13.414	0	12.495	1.505	4.421
8	6.453	8.099	2.136	6.728	10.871	11.01	12.495	0	11.873	8.192
9	11.746	8.048	13.396	16.315	1.067	11.948	1.505	11.873	0	4.235
10	10	4.26	9.437	13.654	3.537	11.902	4.421	8.192	4.235	0
;
