

param n:=10;
param p:=1.2;
param c:=1;
param Q:=1;
param v:=0.1;
param DIS:=20;
#data is from case 6
param w: 1 2 3 4 5 6 7 8 9 10:=
1	1	0.9	0.5	1	0.7	0.7	0.2	0.4	0.1	0.9
2	0.4	0	0.6	0.2	0.2	0.1	0.3	0.2	0.1	0.2
3	0.4	0.5	0.1	0.2	0.3	0.5	0.9	0.8	0.2	0.6
4	0	0.1	0.5	0.6	0.1	0.2	0.3	0.3	0.7	0.4
5	0.2	0.1	0.4	0.8	0.3	0.6	0.9	0.6	0.8	1
6	0.8	0.2	0.5	0.9	0.4	0.8	0.4	0.3	0.6	0.6
7	0.9	0.7	0.7	0.4	0.3	0.8	0.6	0.6	0	0.2
8	1	0.2	0.3	0.4	1	0.6	0	0.9	0.2	0.8
9	0.8	1	0	0.3	0.8	0.4	0.1	0.2	0.7	0.7
10	0.8	0.6	0.4	0.5	0.9	0.7	0.2	0.5	0.2	0.2
;
param d: 1 2 3 4 5 6 7 8 9 10:=
1	0	5.267	2.113	6.604	14.271	12.117	9.229	7.809	4.891	10
2	5.267	0	5.787	2.371	17.031	12.513	12.568	10.13	0.531	12.474
3	2.113	5.787	0	7.663	16.193	14.224	11.095	9.879	5.576	12.021
4	6.604	2.371	7.663	0	16.122	10.827	12.114	9.368	2.258	11.615
5	14.271	17.031	16.193	16.122	0	7.368	5.127	6.905	16.505	4.557
6	12.117	12.513	14.224	10.827	7.368	0	7.1	5.26	12.058	4.95
7	9.229	12.568	11.095	12.114	5.127	7.1	0	2.995	12.037	2.192
8	7.809	10.13	9.879	9.368	6.905	5.26	2.995	0	9.602	2.356
9	4.891	0.531	5.576	2.258	16.505	12.058	12.037	9.602	0	11.948
10	10	12.474	12.021	11.615	4.557	4.95	2.192	2.356	11.948	0
;
