param n:=10;
param p:=1.2;
param c:=1;
param Q:=1;
param v:=0.1;
param DIS:=20;
#data is from case 8

param w: 1 2 3 4 5 6 7 8 9 10:=
1	0	0.8	0.2	0.6	0.1	0	0.5	0.4	0.9	0.1
2	0.4	0.9	0.7	0.7	0.9	0.9	0.8	0.3	0.4	0
3	1	0.8	0.2	0	0.1	0.7	0.8	0.8	0.4	0.4
4	0.5	0.5	0.2	0.8	0.1	0.3	0.8	0.6	0.7	0.7
5	0.7	0.1	0.6	0.4	0.8	0.5	0.2	0.6	0.8	0.6
6	0.6	0.7	0.4	0.9	0.8	0.6	0.5	0.6	0.4	0.9
7	1	0.9	0.4	0.2	0.7	0.5	0.5	0.5	0.1	0.2
8	0.2	0.8	0.4	0.8	0.2	0.2	0.3	0.4	0.8	0.1
9	0.1	0.4	0.9	0.5	0.2	0.7	0.1	0.8	0.2	0.5
10	0.7	0.2	0.4	0.1	0.4	0.1	0.6	1	0.6	0.8
;
param d: 1 2 3 4 5 6 7 8 9 10:=
1	0	3.473	5.801	5.458	10.395	1.022	11.105	11.107	9.426	10
2	3.473	0	6.64	8.862	13.826	3.317	14.524	13.935	12.568	13.299
3	5.801	6.64	0	7.069	11.192	4.821	13.704	15.631	13.416	13.404
4	5.458	8.862	7.069	0	4.971	5.599	6.653	9.137	6.679	6.41
5	10.395	13.826	11.192	4.971	0	10.569	4.103	9.194	6.767	5.5
6	1.022	3.317	4.821	5.599	10.569	0	11.631	11.982	10.193	10.663
7	11.105	14.524	13.704	6.653	4.103	11.631	0	5.527	3.594	2.071
8	11.107	13.935	15.631	9.137	9.194	11.982	5.527	0	2.576	3.699
9	9.426	12.568	13.416	6.679	6.767	10.193	3.594	2.576	0	1.523
10	10	13.299	13.404	6.41	5.5	10.663	2.071	3.699	1.523	0
;

